image: map1.png
resolution: 0.02
origin: [-4.224998, -5.224998, 0.000000]
occupied_thresh: 0.65
free_thresh: 0.196
negate: 0
